%YAML:1.0
Workstation: MA4
Station Height: 0.
F20_20_B: [ 0, 0, 0, 0, 0 ]
S40_40_B: [ 0, 0, 0, 0, 0 ]
M20: [ 0, 0, 0, 0, 0 ]
M30: [ 0, 0, 0, 0, 0 ]
R20: [ 0, 0, 0, 0, 0 ]
default: [ 50, 1, 3, 30, 190 ]
Frame_id: ""
Angle_min: 0.
Angle_max: 0.
Range_min: 0.
Range_max: 0.
Angle_increment: 0.
Ranges: []
Pose: [ 5.9615115214787480e+00, 6.9431437408619070e+00, 0. ]
Quaternion: [ 0., 0., -7.0300142569687074e-01, 7.1118843878972549e-01 ]
