%YAML:1.0
Workstation: SC4
Station Height: 0.
F20_20_B: [ 0, 0, 0, 0, 0 ]
S40_40_B: [ 0, 0, 0, 0, 0 ]
M20: [ 0, 0, 0, 0, 0 ]
M30: [ 0, 0, 0, 0, 0 ]
R20: [ 0, 0, 0, 0, 0 ]
default: [ 50, 1, 3, 30, 190 ]
Frame_id: ""
Angle_min: 0.
Angle_max: 0.
Range_min: 0.
Range_max: 0.
Angle_increment: 0.
Ranges: []
Pose: [ 6.0076487459788623e+00, 1.8226335673168106e+00, 0. ]
Quaternion: [ 0., 0., -7.0439916929515012e-01, 7.0980406472230240e-01 ]
