%YAML:1.0
Workstation: NORTH
Station Height: 0.
F20_20_B: [ 0, 0, 0, 0, 0 ]
S40_40_B: [ 0, 0, 0, 0, 0 ]
M20: [ 0, 0, 0, 0, 0 ]
M30: [ 0, 0, 0, 0, 0 ]
R20: [ 0, 0, 0, 0, 0 ]
default: [ 50, 1, 3, 30, 190 ]
Frame_id: sick
Angle_min: -1.5708758831024170e+00
Angle_max: 1.5704047679901123e+00
Range_min: 5.0000000745058060e-02
Range_max: 10.
Angle_increment: 5.8171823620796204e-03
Ranges: [ 4.5100000500679016e-01, 4.3999999761581421e-01,
    4.4299998879432678e-01, 4.4600000977516174e-01,
    4.4400000572204590e-01, 4.4200000166893005e-01,
    4.4100001454353333e-01, 4.4200000166893005e-01,
    4.4600000977516174e-01, 4.4800001382827759e-01,
    4.4600000977516174e-01, 4.4499999284744263e-01,
    4.4499999284744263e-01, 4.5300000905990601e-01,
    4.4800001382827759e-01, 4.5100000500679016e-01,
    4.4800001382827759e-01, 4.4499999284744263e-01,
    4.5300000905990601e-01, 4.5300000905990601e-01,
    4.5600000023841858e-01, 4.5500001311302185e-01,
    4.4900000095367432e-01, 4.5899999141693115e-01,
    4.4900000095367432e-01, 4.5199999213218689e-01,
    4.4900000095367432e-01, 4.5300000905990601e-01,
    4.5100000500679016e-01, 4.5199999213218689e-01,
    4.6299999952316284e-01, 4.5500001311302185e-01,
    4.5899999141693115e-01, 4.5399999618530273e-01,
    4.4999998807907104e-01, 4.5100000500679016e-01,
    4.6000000834465027e-01, 4.5800000429153442e-01,
    4.6799999475479126e-01, 4.6399998664855957e-01,
    4.6399998664855957e-01, 4.5699998736381531e-01,
    4.6399998664855957e-01, 4.6299999952316284e-01,
    4.6900001168251038e-01, 4.6700000762939453e-01,
    4.6999999880790710e-01, 4.6599999070167542e-01,
    4.6000000834465027e-01, 4.7400000691413879e-01,
    4.7200000286102295e-01, 4.7499999403953552e-01,
    4.7200000286102295e-01, 4.7099998593330383e-01,
    4.7200000286102295e-01, 4.7900000214576721e-01,
    4.7699999809265137e-01, 4.7499999403953552e-01,
    4.7299998998641968e-01, 4.7799998521804810e-01,
    4.8399999737739563e-01, 4.7999998927116394e-01,
    4.7299998998641968e-01, 4.7799998521804810e-01,
    4.8100000619888306e-01, 4.8399999737739563e-01,
    4.8100000619888306e-01, 4.8500001430511475e-01,
    4.9200001358985901e-01, 4.8899999260902405e-01,
    4.8899999260902405e-01, 4.9900001287460327e-01,
    4.8899999260902405e-01, 4.9200001358985901e-01,
    4.8899999260902405e-01, 4.9599999189376831e-01,
    4.9599999189376831e-01, 4.9500000476837158e-01,
    5.0099998712539673e-01, 4.9300000071525574e-01,
    5.0499999523162842e-01, 5.0099998712539673e-01,
    5.0800001621246338e-01, 5.0900000333786011e-01,
    5.1300001144409180e-01, 5.1099997758865356e-01,
    5.1099997758865356e-01, 5.1499998569488525e-01,
    5.1300001144409180e-01, 5.1200002431869507e-01,
    5.1599997282028198e-01, 5.1499998569488525e-01,
    5.2600002288818359e-01, 5.2600002288818359e-01,
    5.2700001001358032e-01, 5.2700001001358032e-01,
    5.3200000524520874e-01, 5.4299998283386230e-01,
    5.3500002622604370e-01, 5.3700000047683716e-01,
    5.4100000858306885e-01, 5.3399997949600220e-01,
    5.4299998283386230e-01, 5.4400002956390381e-01,
    5.4799997806549072e-01, 5.4500001668930054e-01,
    5.4500001668930054e-01, 5.5099999904632568e-01,
    5.5199998617172241e-01, 5.6199997663497925e-01,
    5.6800001859664917e-01, 5.6000000238418579e-01,
    5.6800001859664917e-01, 5.7200002670288086e-01,
    5.6599998474121094e-01, 5.7700002193450928e-01,
    5.7700002193450928e-01, 5.8200001716613770e-01,
    5.8099997043609619e-01, 5.8300000429153442e-01,
    5.8600002527236938e-01, 5.8799999952316284e-01,
    5.9399998188018799e-01, 5.9899997711181641e-01,
    6.0100001096725464e-01, 6.0799998044967651e-01,
    6.0699999332427979e-01, 6.0500001907348633e-01,
    6.1400002241134644e-01, 6.2199997901916504e-01,
    6.2199997901916504e-01, 6.2099999189376831e-01,
    6.2699997425079346e-01, 6.3499999046325684e-01,
    6.3999998569488525e-01, 6.4300000667572021e-01,
    6.4099997282028198e-01, 6.3899999856948853e-01,
    6.4700001478195190e-01, 6.6200000047683716e-01,
    6.5100002288818359e-01, 6.6500002145767212e-01,
    6.5799999237060547e-01, 6.8000000715255737e-01,
    6.7100000381469727e-01, 6.7100000381469727e-01,
    6.8900001049041748e-01, 6.9800001382827759e-01,
    6.9099998474121094e-01, 7.0399999618530273e-01,
    6.9800001382827759e-01, 7.0300000905990601e-01,
    7.1700000762939453e-01, 7.1600002050399780e-01,
    7.3000001907348633e-01, 7.2600001096725464e-01,
    7.3900002241134644e-01, 7.4800002574920654e-01,
    7.5199997425079346e-01, 7.5599998235702515e-01,
    7.6200002431869507e-01, 7.6999998092651367e-01,
    7.6599997282028198e-01, 7.8299999237060547e-01,
    7.8399997949600220e-01, 7.9600000381469727e-01,
    7.9699999094009399e-01, 8.0299997329711914e-01,
    8.0199998617172241e-01, 8.1199997663497925e-01,
    7.9699999094009399e-01, 8.0199998617172241e-01,
    8.1599998474121094e-01, 8.0800002813339233e-01,
    7.9199999570846558e-01, 8.0000001192092896e-01,
    8.0000001192092896e-01, 7.9100000858306885e-01,
    7.9299998283386230e-01, 7.7899998426437378e-01,
    7.7700001001358032e-01, 7.9500001668930054e-01,
    7.9600000381469727e-01, 7.8899997472763062e-01,
    7.8500002622604370e-01, 7.8600001335144043e-01,
    7.8399997949600220e-01, 7.8100001811981201e-01,
    7.7799999713897705e-01, 7.7899998426437378e-01,
    7.7899998426437378e-01, 7.7600002288818359e-01,
    7.7200001478195190e-01, 7.6599997282028198e-01,
    7.7100002765655518e-01, 7.6300001144409180e-01,
    7.6499998569488525e-01, 7.5700002908706665e-01,
    7.5400000810623169e-01, 7.5700002908706665e-01,
    7.5499999523162842e-01, 7.6399999856948853e-01,
    7.6099997758865356e-01, 7.5000000000000000e-01,
    7.5599998235702515e-01, 7.4500000476837158e-01,
    7.5099998712539673e-01, 7.4099999666213989e-01,
    7.5000000000000000e-01, 7.4699997901916504e-01,
    7.4500000476837158e-01, 7.3900002241134644e-01,
    7.4299997091293335e-01, 7.3400002717971802e-01,
    7.3600000143051147e-01, 7.3600000143051147e-01,
    7.3600000143051147e-01, 7.4000000953674316e-01,
    7.3400002717971802e-01, 7.2500002384185791e-01,
    7.3100000619888306e-01, 7.3100000619888306e-01,
    7.3100000619888306e-01, 7.3299998044967651e-01,
    7.1700000762939453e-01, 7.2799998521804810e-01,
    7.2699999809265137e-01, 7.2500002384185791e-01,
    7.2500002384185791e-01, 7.2399997711181641e-01,
    7.2200000286102295e-01, 7.1700000762939453e-01,
    7.2200000286102295e-01, 7.2200000286102295e-01,
    7.1299999952316284e-01, 7.1700000762939453e-01,
    7.1700000762939453e-01, 7.1499997377395630e-01,
    7.1600002050399780e-01, 7.0399999618530273e-01,
    7.1399998664855957e-01, 7.1499997377395630e-01,
    7.1200001239776611e-01, 7.1200001239776611e-01,
    7.1399998664855957e-01, 7.0700001716613770e-01,
    7.0899999141693115e-01, 7.0800000429153442e-01,
    7.0700001716613770e-01, 7.0700001716613770e-01,
    7.1100002527236938e-01, 7.1100002527236938e-01,
    7.1200001239776611e-01, 7.1399998664855957e-01,
    7.1100002527236938e-01, 7.0899999141693115e-01,
    7.0200002193450928e-01, 7.0800000429153442e-01,
    7.0599997043609619e-01, 7.1100002527236938e-01,
    7.0499998331069946e-01, 7.0499998331069946e-01,
    7.0700001716613770e-01, 7.0200002193450928e-01,
    7.0499998331069946e-01, 7.0300000905990601e-01,
    6.9900000095367432e-01, 7.0899999141693115e-01,
    7.0899999141693115e-01, 7.0499998331069946e-01,
    6.9900000095367432e-01, 7.0200002193450928e-01,
    7.1100002527236938e-01, 7.0599997043609619e-01,
    6.9999998807907104e-01, 7.0599997043609619e-01,
    7.1200001239776611e-01, 7.0999997854232788e-01,
    7.1399998664855957e-01, 7.0599997043609619e-01,
    7.0899999141693115e-01, 7.0499998331069946e-01,
    7.0599997043609619e-01, 7.0999997854232788e-01,
    7.0300000905990601e-01, 7.1399998664855957e-01,
    7.1100002527236938e-01, 7.1499997377395630e-01,
    7.1200001239776611e-01, 7.0399999618530273e-01,
    7.1200001239776611e-01, 7.0999997854232788e-01,
