%YAML:1.0
---
Workstation: SC1
Station Height: 0.
Material Type: 1
F20_20_B: [ 0, 0, 0, 0, 0 ]
S40_40_B: [ 0, 0, 0, 0, 0 ]
M20: [ 0, 0, 0, 0, 0 ]
M30: [ 0, 0, 0, 0, 0 ]
R20: [ 0, 0, 0, 0, 0 ]
default: [ 50, 1, 3, 30, 190 ]
Frame_id: ""
Angle_min: 0.
Angle_max: 0.
Range_min: 0.
Range_max: 0.
Angle_increment: 0.
Ranges: []
Pose: [ 1.7183277049538344e+00, 2.5482332418535778e+00, 0. ]
Quaternion: [ 0., 0., 9.9968986170047092e-01, 2.4903421718579549e-02 ]
