%YAML:1.0
---
Workstation: SC2
Station Height: 0.
Material Type: 2
F20_20_B: [ 0, 0, 0, 0, 0 ]
S40_40_B: [ 0, 0, 0, 0, 0 ]
M20: [ 0, 0, 0, 0, 0 ]
M30: [ 0, 0, 0, 0, 0 ]
R20: [ 0, 0, 0, 0, 0 ]
default: [ 50, 1, 3, 30, 190 ]
Frame_id: ""
Angle_min: 0.
Angle_max: 0.
Range_min: 0.
Range_max: 0.
Angle_increment: 0.
Ranges: []
Pose: [ 1.7033959646781587e+00, 1.6308985819300794e+00, 0. ]
Quaternion: [ 0., 0., 9.9998871692314739e-01, 4.7503711852136931e-03 ]
