%YAML:1.0
---
Workstation: SC3
Station Height: 0.
Material Type: 1
F20_20_B: [ 0, 0, 0, 0, 0 ]
S40_40_B: [ 0, 0, 0, 0, 0 ]
M20: [ 0, 0, 0, 0, 0 ]
M30: [ 0, 0, 0, 0, 0 ]
R20: [ 0, 0, 0, 0, 0 ]
default: [ 50, 1, 3, 30, 190 ]
Frame_id: ""
Angle_min: 0.
Angle_max: 0.
Range_min: 0.
Range_max: 0.
Angle_increment: 0.
Ranges: []
Pose: [ 6.4609205649709596e+00, 9.2079910080886052e+00, 0. ]
Quaternion: [ 0., 0., 7.1724210735749294e-01, 6.9682405199116271e-01 ]
