%YAML:1.0
---
Workstation: SC4
Station Height: 0.
Material Type: 2
F20_20_B: [ 0, 0, 0, 0, 0 ]
S40_40_B: [ 0, 0, 0, 0, 0 ]
M20: [ 0, 0, 0, 0, 0 ]
M30: [ 0, 0, 0, 0, 0 ]
R20: [ 0, 0, 0, 0, 0 ]
default: [ 50, 1, 3, 30, 190 ]
Frame_id: ""
Angle_min: 0.
Angle_max: 0.
Range_min: 0.
Range_max: 0.
Angle_increment: 0.
Ranges: []
Pose: [ 1.0126669551561301e+01, 4.2306801788702657e+00, 0. ]
Quaternion: [ 0., 0., 5.0998907752082242e-03, 9.9998699547248160e-01 ]
